74 0
37 5
234 0
83 6
271 0
37 0
256 4
201 0
271 3
0 4
62 0
278 2
19 1
9 3
300 3
160 6
282 5
166 4
100 0
27 3
38 0
67 6
102 6
194 3
3 6
239 4
118 0
77 1
195 5
142 4
175 0
284 3
73 4
2 3
197 3
300 4
316 1
75 6
301 6
142 0
266 0
68 0
105 6
219 6
103 6
150 2
4 6
66 3
70 1
258 0
312 0
281 4
111 6
241 6
50 0
267 0
88 6
206 4
39 3
36 1
170 5
300 5
314 4
31 6
151 3
22 6
30 3
60 6
290 0
20 6
4 0
62 3
101 0
191 6
74 5
291 4
63 2
179 6
254 6
34 0
279 6
20 3
171 3
215 5
123 0
157 1
276 0
266 6
186 0
224 0
272 4
184 5
226 0
235 3
179 4
176 4
62 5
256 5
198 0
123 1
74 4
211 6
197 4
73 0
19 2
74 2
48 2
125 4
156 0
43 6
10 5
322 3
160 3
150 1
20 0
26 3
164 0
186 6
286 2
303 6
225 3
216 1
77 2
185 1
295 2
257 4
160 5
86 1
273 3
161 3
158 4
125 5
304 6
260 0
65 3
120 5
220 6
26 5
163 0
229 2
290 3
180 5
163 3
98 0
267 3
153 0
26 4
210 6
127 6
206 0
197 5
195 3
25 1
239 0
87 6
0 1
195 0
158 5
10 1
199 0
113 6
141 0
215 4
129 4
9 4
274 2
21 0
14 3
309 6
281 5
93 3
226 1
257 2
179 5
81 6
246 6
114 3
290 5
52 0
63 5
69 6
282 2
297 6
272 0
217 6
63 1
77 3
207 2
240 4
244 0
216 6
273 2
24 0
87 2
150 5
31 5
114 5
63 0
170 1
32 6
48 4
130 1
199 3
281 1
315 5
321 3
296 5
38 6
225 1
272 5
180 3
25 6
69 2
179 3
151 0
165 0
161 2
229 4
277 4
1 0
230 1
197 0
285 2
320 6
278 5
97 2
270 3
256 2
30 1
267 2
139 6
13 0
239 2
65 0
306 6
242 0
171 5
225 5
124 4
176 0
235 1
174 0
316 2
193 6
46 0
1 3
7 0
29 3
58 6
56 6
257 1
79 6
300 0
116 4
306 0
161 4
296 6
49 4
323 3
162 0
141 1
73 3
82 6
299 2
296 0
190 6
207 0
84 6
100 3
15 6
36 5
237 3
69 0
48 6
171 2
87 5
291 3
222 6
36 2
198 6
73 2
322 2
195 1
264 1
0 3
215 3
309 2
202 0
266 2
62 6
63 6
30 5
10 3
209 6
168 2
194 5
180 2
154 0
242 3
171 1
231 6
318 6
194 4
121 3
278 3
86 2
263 0
68 3
160 1
87 3
278 1
11 6
145 3
243 3
198 3
129 5
171 6
69 4
154 6
291 6
65 6
198 2
2 6
216 5
299 3
283 3
39 6
240 3
158 1
199 6
311 0
130 0
117 0
120 3
42 6
87 4
72 6
301 0
115 4
274 6
37 2
100 6
261 0
96 0
259 3
121 6
97 1
206 1
285 3
271 4
182 3
226 4
9 5
80 6
195 2
70 5
41 6
70 4
16 3
142 2
15 4
230 4
308 1
240 6
281 3
155 0
161 1
232 6
37 3
299 1
320 0
162 3
10 2
305 0
197 1
97 0
291 0
304 3
266 5
181 3
59 6
161 5
37 6
15 3
33 0
131 3
78 5
294 2
114 4
86 3
36 4
261 3
0 2
173 3
62 2
207 6
288 6
70 2
34 6
48 1
165 3
142 5
215 1
292 3
19 4
264 2
4 3
14 6
278 4
89 0
311 3
47 0
25 0
40 3
96 1
321 0
40 6
114 2
215 6
232 0
185 6
200 3
72 0
41 0
240 1
90 6
77 0
25 5
285 4
86 6
226 6
130 2
249 6
256 0
200 6
212 6
99 0
124 3
99 6
151 1
110 6
86 4
113 4
245 6
9 1
290 6
230 3
263 1
74 1
273 1
239 1
93 1
194 6
151 5
208 6
1 6
233 6
173 6
136 6
171 0
30 2
216 2
130 4
151 4
164 3
257 3
64 6
310 0
13 6
236 3
114 6
243 6
142 6
309 0
299 4
180 4
300 6
180 1
216 4
1 2
236 1
161 0
286 1
120 4
202 6
286 5
152 6
69 5
3 3
290 1
94 4
291 5
242 6
160 2
120 6
78 2
308 2
120 2
273 6
16 1
277 6
126 5
322 1
78 1
321 6
48 0
176 3
31 1
89 6
94 5
45 0
257 0
189 6
54 6
273 0
124 2
0 5
314 3
97 5
195 4
0 0
243 0
183 4
49 6
141 5
118 1
157 5
128 5
96 6
128 6
151 6
108 6
146 3
309 1
160 4
138 6
226 2
36 0
273 5
51 0
15 1
278 6
167 0
262 0
165 4
184 4
256 6
10 4
142 1
36 3
97 4
5 6
94 1
67 0
9 2
290 4
74 6
246 0
157 0
177 5
93 0
157 6
244 3
119 4
116 1
5 3
176 6
86 0
287 5
142 3
7 6
301 3
236 5
279 0
319 0
183 2
321 2
24 3
69 3
141 4
256 1
6 6
12 6
157 2
295 5
201 3
319 6
107 6
20 2
272 3
116 0
299 0
87 0
12 0
92 6
172 3
1 5
31 4
155 6
293 3
78 0
240 5
184 2
257 6
239 5
66 0
257 5
200 0
185 0
321 1
153 6
49 3
73 6
117 4
277 5
96 3
64 3
152 0
49 0
213 6
204 0
296 1
303 0
63 3
166 0
168 6
227 0
31 0
300 1
62 4
221 6
98 3
78 6
229 3
92 0
167 6
207 4
230 6
309 3
299 5
267 1
216 3
224 6
313 3
131 0
315 2
130 3
177 1
49 1
268 0
203 0
260 3
2 0
147 0
230 5
25 3
277 1
225 6
322 4
216 0
22 0
287 6
103 0
234 6
118 4
286 4
57 6
267 6
203 6
38 3
150 3
158 2
175 6
179 1
137 6
263 2
197 2
241 3
206 2
37 4
288 0
93 6
87 1
96 4
121 4
48 3
305 6
282 3
321 4
281 6
78 3
277 2
277 0
281 0
143 3
167 3
322 5
0 6
267 5
251 6
49 5
313 4
269 0
93 2
49 2
245 0
36 6
316 6
3 0
308 0
248 6
266 1
308 5
131 1
144 0
78 4
126 6
135 6
94 3
19 3
91 0
31 3
302 0
97 6
172 6
167 5
93 5
42 0
6 0
198 5
274 1
99 3
235 4
141 2
198 1
184 1
69 1
121 5
314 5
269 3
206 5
230 2
308 6
282 6
312 3
1 1
17 3
23 0
93 4
294 3
256 3
308 4
295 4
291 2
150 4
198 4
215 2
239 3
277 3
15 0
197 6
225 2
235 5
295 1
259 0
73 1
258 3
226 3
43 0
124 0
215 0
266 3
62 1
66 6
290 2
123 2
20 1
10 6
207 1
194 0
315 1
77 4
24 6
167 2
315 6
106 6
73 5
310 3
156 6
315 3
201 6
229 5
102 0
55 6
202 3
282 4
67 3
144 3
146 0
207 3
179 2
252 6
11 0
157 3
253 6
96 5
101 6
5 0
192 6
131 2
194 1
63 4
176 1
235 0
20 5
233 0
16 5
124 1
267 4
133 6
148 0
303 3
291 1
143 0
180 6
235 6
30 4
321 5
166 5
19 5
20 4
94 2
225 0
308 3
177 4
41 3
115 1
77 5
74 3
15 5
304 0
263 3
86 5
170 2
227 6
230 0
270 0
278 0
39 0
113 5
167 1
318 0
158 3
183 3
218 6
119 2
281 2
268 3
145 0
276 6
206 3
75 0
90 0
287 1
188 4
176 5
98 6
206 6
313 0
141 6
185 5
48 5
309 4
241 0
300 2
315 0
68 6
123 3
239 6
26 1
250 6
188 5
37 1
88 0
302 6
32 0
109 6
189 5
23 6
297 0
309 5
10 0
141 3
225 4
14 0
174 6
294 4
172 0
302 3
16 4
262 3
282 0
173 0
77 6
174 3
151 2
101 3
161 6
226 5
231 0
234 3
180 0
119 1
166 3
25 4
31 2
1 4
64 0
240 0
40 0
168 1
157 4
207 5
240 2
236 4
314 0
282 1
91 6
33 6
189 4
266 4
115 2
204 6
134 6
97 3
229 1
194 2
287 0
299 6
96 2
21 6
175 3
160 0
179 0
244 6
113 3
