197 0
295 4
9 1
69 5
67 3
291 5
207 5
321 3
3 6
198 6
157 6
123 2
87 6
290 3
141 2
207 0
239 2
65 3
176 1
153 6
37 6
197 5
164 0
145 3
49 0
126 5
277 0
188 4
11 0
41 6
64 3
225 5
185 5
194 5
97 3
33 6
167 0
195 0
300 3
180 5
322 2
315 5
171 0
26 4
272 5
194 6
107 6
251 6
46 0
172 0
183 4
257 6
157 4
194 1
130 4
243 0
120 2
262 3
261 0
78 3
99 6
151 2
141 3
49 1
87 0
93 5
103 0
74 0
321 6
206 6
135 6
189 5
143 0
128 5
147 0
20 3
31 4
274 1
97 5
240 3
77 2
218 6
241 6
50 0
154 6
5 6
31 2
137 6
10 0
161 1
316 2
308 5
316 6
75 6
267 6
134 6
89 6
73 1
314 3
124 3
22 0
94 2
49 2
86 6
215 1
124 0
72 6
101 3
21 0
114 2
256 2
290 1
239 1
116 0
168 2
125 4
20 6
118 1
0 3
102 0
226 1
73 3
118 4
23 6
174 3
281 4
306 6
100 6
139 6
99 0
273 6
27 3
322 1
201 6
36 0
296 6
167 1
283 3
19 4
201 3
318 6
152 6
312 3
131 0
100 3
203 6
300 4
10 3
145 0
179 0
215 6
267 0
150 3
99 3
207 6
194 0
308 6
25 3
81 6
321 2
186 6
308 1
309 3
273 3
257 2
230 0
236 4
308 2
173 0
15 6
74 4
225 4
276 6
263 2
261 3
225 3
124 2
154 0
215 5
198 2
1 5
88 6
172 3
114 5
36 3
150 1
26 3
15 5
221 6
70 5
94 4
38 3
246 0
13 0
90 6
309 4
162 0
16 1
6 0
212 6
75 0
0 6
195 4
248 6
264 1
151 1
15 3
77 1
170 2
156 0
260 3
175 6
25 5
181 3
303 0
303 3
40 3
80 6
290 0
127 6
77 5
42 6
222 6
271 3
197 6
170 1
216 3
254 6
152 0
232 6
93 2
299 6
291 2
113 3
74 1
315 3
87 2
257 1
151 5
240 2
272 4
43 0
158 3
68 6
7 6
229 5
216 1
157 3
118 0
73 6
163 3
63 0
197 1
314 4
39 3
1 2
279 6
138 6
39 0
195 5
144 3
284 3
83 6
171 3
277 4
131 2
55 6
176 5
37 5
9 2
31 3
96 0
91 0
183 2
62 0
234 6
216 6
20 4
103 6
299 3
257 0
20 2
313 0
41 3
86 4
36 2
176 0
198 3
271 0
68 3
278 2
142 3
257 3
34 0
282 4
48 3
1 0
301 0
166 3
146 0
195 2
240 1
297 6
40 0
98 0
123 0
37 0
184 4
171 2
267 4
197 2
240 0
96 2
193 6
16 5
308 4
157 0
153 0
97 4
192 6
160 2
84 6
264 2
206 0
30 5
213 6
60 6
206 4
52 0
62 3
111 6
171 6
229 1
64 6
151 4
167 3
141 5
296 1
236 3
16 3
15 1
240 6
142 2
48 4
287 6
77 4
97 6
219 6
114 6
308 0
303 6
277 2
302 3
124 4
38 0
267 5
226 3
239 4
309 2
281 6
290 2
98 3
141 6
97 0
98 6
100 0
31 5
63 5
209 6
77 0
93 0
121 3
19 2
272 3
74 3
179 6
143 3
164 3
54 6
62 4
195 3
106 6
69 2
93 3
160 5
120 6
4 6
110 6
176 6
244 3
198 1
189 6
291 1
2 3
226 4
9 3
241 0
206 5
243 3
91 6
235 1
185 6
62 2
291 0
92 6
295 5
301 6
59 6
1 6
165 3
49 3
163 0
62 6
0 2
304 0
282 5
20 0
278 5
263 3
79 6
236 5
226 5
24 6
123 3
66 3
194 2
321 5
311 3
171 5
291 6
256 6
31 1
94 1
157 5
272 0
266 2
16 4
150 2
256 3
119 1
176 4
241 3
105 6
207 4
7 0
281 0
31 0
308 3
179 4
299 0
128 6
310 0
30 1
160 0
173 3
0 4
290 5
56 6
273 5
321 4
49 5
239 0
225 0
274 6
0 1
40 6
161 4
165 4
230 2
37 1
160 3
121 6
231 6
51 0
311 0
266 1
120 5
136 6
286 4
274 2
226 0
177 5
296 5
108 6
319 6
48 6
32 6
323 3
130 0
190 6
321 1
74 6
45 0
116 4
243 6
216 2
22 6
69 6
211 6
234 0
252 6
287 5
286 2
225 2
281 3
87 5
13 6
302 6
66 0
166 0
31 6
206 3
314 5
273 2
268 3
256 1
64 0
270 3
86 3
309 5
14 3
236 1
25 4
256 4
69 4
240 5
207 1
87 4
171 1
234 3
322 5
158 4
295 2
66 6
25 6
201 0
141 1
319 0
229 4
0 0
116 1
315 6
96 1
194 3
24 0
130 1
233 6
109 6
124 1
102 6
197 4
10 5
300 1
162 3
12 6
199 0
38 6
20 1
322 4
225 6
314 0
168 6
216 5
63 4
129 5
29 3
278 1
117 4
25 0
184 5
175 3
239 6
257 5
69 0
4 0
115 2
250 6
299 5
11 6
49 4
165 0
183 3
34 6
49 6
57 6
215 4
73 2
96 4
158 5
58 6
30 3
119 4
294 3
92 0
296 0
266 6
277 6
281 1
175 0
70 1
204 0
230 3
161 6
73 4
67 0
282 2
269 0
141 0
266 5
232 0
87 3
182 3
26 5
6 6
220 6
114 4
15 4
278 6
10 2
306 0
87 1
286 5
144 0
268 0
121 4
142 0
12 0
230 5
86 1
269 3
235 6
63 2
282 1
86 0
142 1
130 2
202 0
285 2
260 0
199 3
15 0
36 4
224 6
166 4
115 4
151 0
37 4
73 0
126 6
290 4
200 6
180 6
267 3
121 5
68 0
202 6
313 4
167 5
94 3
72 0
267 1
320 6
161 0
202 3
62 5
304 3
47 0
1 4
21 6
217 6
24 3
263 0
150 5
184 2
318 0
194 4
113 5
198 0
74 5
266 0
266 3
167 6
70 4
14 6
315 1
277 1
180 2
282 6
273 1
10 6
276 0
70 2
207 3
142 6
227 0
262 0
3 0
74 2
305 6
309 0
23 0
131 1
291 4
253 6
256 0
309 6
36 1
286 1
173 6
77 3
197 3
65 6
3 3
19 1
156 6
302 0
207 2
186 0
42 0
179 1
180 0
244 6
14 0
179 2
65 0
198 5
295 1
293 3
316 1
170 5
141 4
270 0
93 4
267 2
1 3
69 3
321 0
78 5
215 2
174 0
96 5
177 1
277 5
160 6
77 6
36 5
184 1
17 3
97 2
146 3
78 0
299 2
230 6
101 6
185 1
224 0
259 3
282 3
133 6
235 0
161 3
129 4
37 2
287 1
161 2
215 0
37 3
86 5
167 2
310 3
89 0
120 3
123 1
158 2
19 5
172 6
10 4
297 0
131 3
0 5
198 4
294 4
97 1
36 6
229 2
204 6
287 0
216 0
78 1
208 6
4 3
278 3
93 1
120 4
5 3
282 0
73 5
279 0
151 3
271 4
101 0
180 3
30 4
288 6
200 3
86 2
19 3
33 0
230 4
166 5
249 6
191 6
30 2
242 0
78 6
216 4
94 5
179 5
244 0
125 5
242 3
210 6
189 4
63 6
151 6
266 4
48 1
257 4
256 5
142 4
39 6
259 0
90 0
157 1
312 0
96 6
188 5
225 1
301 3
78 4
291 3
88 0
215 3
195 1
299 4
180 4
62 1
2 0
239 3
48 0
32 0
10 1
278 0
130 3
180 1
245 6
5 0
299 1
199 6
235 5
1 1
273 0
245 0
290 6
313 3
258 0
150 4
168 1
158 1
26 1
9 5
160 1
285 3
63 1
305 0
160 4
233 0
161 5
300 5
177 4
226 2
237 3
155 0
281 2
93 6
20 5
25 1
300 2
240 4
148 0
320 0
174 6
288 0
41 0
2 6
300 0
315 0
300 6
185 0
292 3
315 2
229 3
277 3
206 2
69 1
226 6
235 4
203 0
142 5
285 4
114 3
113 4
96 3
82 6
113 6
322 3
263 1
48 2
206 1
304 6
281 5
278 4
235 3
155 6
309 1
239 5
43 6
63 3
179 3
246 6
294 2
67 6
231 0
227 6
9 4
78 2
115 1
48 5
157 2
119 2
258 3
117 0
230 1
242 6
200 0
176 3
