287 1
74 0
282 4
31 0
67 6
78 4
195 4
131 3
183 2
15 3
191 6
0 6
318 6
10 1
273 2
240 4
195 1
287 5
157 2
308 2
310 3
173 6
137 6
251 6
198 3
266 6
144 0
269 0
23 0
211 6
167 2
48 0
282 1
162 3
93 0
177 5
97 6
198 1
229 4
41 6
183 3
198 0
130 0
244 6
120 6
99 0
133 6
146 3
261 3
160 1
7 0
273 6
263 2
172 0
93 5
226 3
305 6
78 0
131 1
102 0
21 0
14 0
69 0
282 0
63 2
301 3
49 3
294 3
157 5
115 1
197 0
26 1
290 4
300 1
321 5
257 2
40 6
291 6
130 4
161 5
308 3
5 3
236 4
276 0
125 5
218 6
141 6
322 2
92 0
258 0
299 1
1 0
170 1
176 6
296 5
225 0
322 5
173 0
101 3
197 4
31 5
206 2
99 6
43 0
320 0
256 3
51 0
0 4
11 0
146 0
239 6
37 4
176 4
312 3
97 1
89 0
74 1
197 2
231 6
224 6
101 0
94 3
297 0
48 5
316 1
16 1
321 4
241 3
235 1
10 6
97 4
240 1
266 5
151 6
1 4
180 3
171 6
36 0
109 6
294 4
152 6
279 0
179 6
308 0
86 6
266 2
113 6
56 6
116 0
113 3
285 2
185 0
12 6
72 6
215 3
282 6
271 0
198 2
264 2
189 5
15 5
69 5
63 4
167 5
39 6
156 0
287 6
60 6
226 6
314 4
161 3
300 4
315 1
92 6
36 1
161 0
128 6
113 4
30 4
151 4
281 2
110 6
182 3
202 3
256 2
65 0
269 3
90 0
57 6
242 6
240 5
168 2
0 5
151 5
277 6
322 3
29 3
310 0
157 6
142 5
59 6
203 0
226 5
20 2
12 0
65 3
96 0
91 6
233 6
73 5
113 5
244 0
195 0
323 3
319 6
80 6
321 3
194 6
141 2
226 2
128 5
31 3
1 3
105 6
19 1
115 4
273 0
93 2
160 6
78 5
198 5
235 0
256 6
180 1
48 1
297 6
77 3
184 5
243 0
86 2
114 3
66 3
78 2
314 3
315 2
302 3
26 5
70 1
267 2
22 6
240 3
262 0
9 2
94 4
97 2
131 2
273 5
19 3
41 0
154 0
49 4
267 3
9 5
77 1
160 0
308 4
108 6
160 4
273 1
277 2
257 3
1 2
123 1
312 0
199 0
316 6
130 2
30 5
300 0
52 0
67 0
322 4
37 6
25 6
2 6
295 4
216 6
24 6
240 0
7 6
201 0
277 4
177 1
1 5
97 5
239 1
162 0
54 6
282 5
79 6
273 3
37 3
292 3
166 4
290 3
272 3
9 1
19 5
276 6
160 3
127 6
161 1
171 2
271 3
64 6
78 6
272 4
304 3
185 6
311 3
121 4
31 6
215 6
166 0
201 6
215 1
264 1
94 1
235 6
114 2
134 6
63 5
30 1
49 1
202 6
291 3
139 6
321 1
23 6
66 0
302 6
153 6
256 4
120 4
16 5
143 0
230 4
154 6
68 0
4 3
263 0
138 6
195 3
1 1
278 3
266 4
227 6
116 4
96 6
213 6
157 0
87 3
206 4
147 0
271 4
143 3
86 4
208 6
186 6
207 4
306 6
27 3
194 1
161 2
258 3
308 1
278 2
73 1
180 5
224 0
246 0
26 4
158 4
120 5
82 6
302 0
295 2
229 5
244 3
142 3
193 6
158 2
185 1
281 1
176 3
299 4
74 6
1 6
19 2
315 5
246 6
68 6
309 6
279 6
308 5
236 1
281 4
229 2
216 1
97 0
301 0
240 6
277 5
266 0
37 2
2 0
179 5
225 6
121 6
83 6
179 0
65 6
48 6
63 1
66 6
172 6
263 1
14 3
25 1
10 4
282 2
19 4
20 4
10 3
216 0
262 3
16 4
296 1
9 3
207 5
93 3
173 3
64 3
118 4
73 0
250 6
46 0
295 1
304 6
281 6
174 3
69 1
17 3
203 6
166 5
285 4
63 6
282 3
304 0
156 6
93 1
170 5
77 0
274 6
62 1
50 0
75 0
296 6
72 0
221 6
299 6
301 6
207 0
84 6
37 1
248 6
39 0
171 3
121 5
266 1
69 4
181 3
281 0
309 1
232 0
36 2
119 2
318 0
160 2
229 3
283 3
126 6
13 0
48 2
313 3
197 5
200 0
74 4
87 2
100 6
4 6
321 6
141 4
117 0
157 4
37 0
257 6
36 5
288 6
235 4
233 0
281 5
230 0
96 5
293 3
6 6
322 1
180 2
160 5
243 3
194 0
216 2
123 2
26 3
188 5
150 3
243 6
157 3
235 5
231 0
225 4
115 2
249 6
184 1
256 1
67 3
296 0
220 6
81 6
261 0
184 4
86 1
305 0
174 0
277 0
142 6
158 5
69 3
124 4
175 0
300 3
3 6
171 5
266 3
278 5
55 6
48 4
175 6
124 3
200 3
179 2
197 1
145 0
320 6
226 0
206 1
96 4
167 6
309 2
168 6
245 6
299 3
286 5
300 6
171 1
239 4
119 1
30 2
164 3
36 6
157 1
10 0
25 5
33 6
141 0
222 6
96 1
278 1
47 0
281 3
150 4
190 6
118 1
86 0
236 5
73 4
226 4
194 2
89 6
70 2
119 4
62 6
130 1
62 2
130 3
303 6
229 1
278 4
77 2
5 6
199 3
300 5
179 4
274 1
189 4
62 4
256 0
103 0
91 0
158 1
257 5
124 2
155 6
188 4
142 1
230 6
241 6
77 4
215 4
88 0
290 5
116 1
294 2
32 0
75 6
227 0
245 0
36 3
161 4
180 0
142 0
141 3
206 6
259 0
197 6
161 6
176 1
151 3
21 6
42 0
97 3
272 5
285 3
151 0
73 2
315 0
174 6
0 2
165 0
10 5
70 5
184 2
290 2
63 0
96 3
234 0
33 0
20 0
93 4
10 2
165 4
37 5
303 0
20 1
98 6
175 3
30 3
177 4
87 6
315 6
120 3
100 3
311 0
195 5
145 3
165 3
94 5
120 2
41 3
180 4
185 5
167 1
25 3
225 2
212 6
176 0
69 6
219 6
267 4
270 0
199 6
209 6
98 0
48 3
94 2
206 0
25 0
239 3
13 6
0 3
272 0
314 0
242 0
78 3
15 1
186 0
321 0
234 3
20 5
129 4
63 3
309 3
0 1
6 0
179 1
239 0
291 5
73 3
38 6
77 5
136 6
236 3
230 1
237 3
284 3
141 5
278 0
158 3
106 6
99 3
252 6
16 3
49 2
202 0
121 3
210 6
142 2
309 5
192 6
207 6
87 5
176 5
45 0
20 6
308 6
183 4
267 5
195 2
49 6
31 4
230 5
315 3
3 3
277 3
148 0
25 4
9 4
39 3
172 3
49 5
230 3
278 6
62 3
131 0
225 3
129 5
256 5
309 4
299 5
74 2
207 1
151 2
288 0
90 6
260 3
267 1
257 0
216 5
144 3
5 0
295 5
150 1
15 0
14 6
299 0
58 6
123 3
34 6
32 6
4 0
260 0
291 4
150 5
274 2
74 5
118 0
230 2
31 2
38 3
171 0
257 4
291 0
268 0
291 2
189 6
88 6
38 0
240 2
102 6
163 0
114 5
123 0
164 0
313 4
126 5
87 0
194 5
204 6
267 0
31 1
42 6
215 2
217 6
290 6
114 4
286 1
96 2
86 5
239 5
152 0
290 1
117 4
291 1
313 0
309 0
287 0
167 0
20 3
34 0
142 4
100 0
114 6
215 0
111 6
62 0
93 6
207 2
242 3
98 3
316 2
257 1
87 1
314 5
124 0
198 6
241 0
68 3
87 4
306 0
268 3
153 0
3 0
299 2
36 4
2 3
141 1
232 6
163 3
259 3
198 4
0 0
101 6
15 4
11 6
216 3
204 0
155 0
124 1
73 6
235 3
15 6
180 6
179 3
135 6
43 6
40 3
151 1
206 5
267 6
277 1
62 5
300 2
74 3
78 1
24 3
103 6
197 3
40 0
286 4
225 1
290 0
286 2
225 5
254 6
226 1
216 4
263 3
166 3
70 4
170 2
24 0
77 6
194 4
303 3
64 0
107 6
239 2
200 6
150 2
194 3
168 1
234 6
319 0
22 0
206 3
201 3
207 3
270 3
125 4
321 2
69 2
253 6
167 3
215 5
86 3
49 0
