0 0
0 1
0 2
0 3
0 4
0 5
0 6
1 0
10 0
100 0
100 3
100 6
10 1
101 0
101 3
101 6
10 2
102 0
102 6
10 3
103 0
103 6
10 4
10 5
105 6
10 6
106 6
107 6
108 6
109 6
1 1
11 0
110 6
111 6
113 3
113 4
113 5
113 6
114 2
114 3
114 4
114 5
114 6
115 1
115 2
115 4
11 6
116 0
116 1
116 4
117 0
117 4
118 0
118 1
118 4
119 1
119 2
119 4
1 2
12 0
120 2
120 3
120 4
120 5
120 6
121 3
121 4
121 5
121 6
123 0
123 1
123 2
123 3
124 0
124 1
124 2
124 3
124 4
125 4
125 5
12 6
126 5
126 6
127 6
128 5
128 6
129 4
129 5
1 3
13 0
130 0
130 1
130 2
130 3
130 4
131 0
131 1
131 2
131 3
133 6
134 6
135 6
13 6
136 6
137 6
138 6
139 6
1 4
14 0
141 0
141 1
141 2
141 3
141 4
141 5
141 6
142 0
142 1
142 2
142 3
142 4
142 5
142 6
14 3
143 0
143 3
144 0
144 3
145 0
145 3
14 6
146 0
146 3
147 0
148 0
1 5
15 0
150 1
150 2
150 3
150 4
150 5
15 1
151 0
151 1
151 2
151 3
151 4
151 5
151 6
152 0
152 6
15 3
153 0
153 6
15 4
154 0
154 6
15 5
155 0
155 6
15 6
156 0
156 6
157 0
157 1
157 2
157 3
157 4
157 5
157 6
158 1
158 2
158 3
158 4
158 5
1 6
160 0
160 1
160 2
160 3
160 4
160 5
160 6
16 1
161 0
161 1
161 2
161 3
161 4
161 5
161 6
162 0
162 3
16 3
163 0
163 3
16 4
164 0
164 3
16 5
165 0
165 3
165 4
166 0
166 3
166 4
166 5
167 0
167 1
167 2
167 3
167 5
167 6
168 1
168 2
168 6
170 1
170 2
170 5
171 0
171 1
171 2
171 3
171 5
171 6
172 0
172 3
172 6
17 3
173 0
173 3
173 6
174 0
174 3
174 6
175 0
175 3
175 6
176 0
176 1
176 3
176 4
176 5
176 6
177 1
177 4
177 5
179 0
179 1
179 2
179 3
179 4
179 5
179 6
180 0
180 1
180 2
180 3
180 4
180 5
180 6
181 3
182 3
183 2
183 3
183 4
184 1
184 2
184 4
184 5
185 0
185 1
185 5
185 6
186 0
186 6
188 4
188 5
189 4
189 5
189 6
190 6
19 1
191 6
19 2
192 6
19 3
193 6
19 4
194 0
194 1
194 2
194 3
194 4
194 5
194 6
19 5
195 0
195 1
195 2
195 3
195 4
195 5
197 0
197 1
197 2
197 3
197 4
197 5
197 6
198 0
198 1
198 2
198 3
198 4
198 5
198 6
199 0
199 3
199 6
2 0
20 0
200 0
200 3
200 6
20 1
201 0
201 3
201 6
20 2
202 0
202 3
202 6
20 3
203 0
203 6
20 4
204 0
204 6
20 5
20 6
206 0
206 1
206 2
206 3
206 4
206 5
206 6
207 0
207 1
207 2
207 3
207 4
207 5
207 6
208 6
209 6
21 0
210 6
211 6
212 6
213 6
215 0
215 1
215 2
215 3
215 4
215 5
215 6
21 6
216 0
216 1
216 2
216 3
216 4
216 5
216 6
217 6
218 6
219 6
22 0
220 6
221 6
222 6
224 0
224 6
225 0
225 1
225 2
225 3
225 4
225 5
225 6
22 6
226 0
226 1
226 2
226 3
226 4
226 5
226 6
227 0
227 6
229 1
229 2
229 3
229 4
229 5
2 3
23 0
230 0
230 1
230 2
230 3
230 4
230 5
230 6
231 0
231 6
232 0
232 6
233 0
233 6
234 0
234 3
234 6
235 0
235 1
235 3
235 4
235 5
235 6
23 6
236 1
236 3
236 4
236 5
237 3
239 0
239 1
239 2
239 3
239 4
239 5
239 6
24 0
240 0
240 1
240 2
240 3
240 4
240 5
240 6
241 0
241 3
241 6
242 0
242 3
242 6
24 3
243 0
243 3
243 6
244 0
244 3
244 6
245 0
245 6
24 6
246 0
246 6
248 6
249 6
25 0
250 6
25 1
251 6
252 6
25 3
253 6
25 4
254 6
25 5
25 6
256 0
256 1
256 2
256 3
256 4
256 5
256 6
257 0
257 1
257 2
257 3
257 4
257 5
257 6
258 0
258 3
259 0
259 3
2 6
260 0
260 3
26 1
261 0
261 3
262 0
262 3
26 3
263 0
263 1
263 2
263 3
26 4
264 1
264 2
26 5
266 0
266 1
266 2
266 3
266 4
266 5
266 6
267 0
267 1
267 2
267 3
267 4
267 5
267 6
268 0
268 3
269 0
269 3
270 0
270 3
271 0
271 3
271 4
272 0
272 3
272 4
272 5
27 3
273 0
273 1
273 2
273 3
273 5
273 6
274 1
274 2
274 6
276 0
276 6
277 0
277 1
277 2
277 3
277 4
277 5
277 6
278 0
278 1
278 2
278 3
278 4
278 5
278 6
279 0
279 6
281 0
281 1
281 2
281 3
281 4
281 5
281 6
282 0
282 1
282 2
282 3
282 4
282 5
282 6
283 3
284 3
285 2
285 3
285 4
286 1
286 2
286 4
286 5
287 0
287 1
287 5
287 6
288 0
288 6
290 0
290 1
290 2
290 3
290 4
290 5
290 6
291 0
291 1
291 2
291 3
291 4
291 5
291 6
292 3
29 3
293 3
294 2
294 3
294 4
295 1
295 2
295 4
295 5
296 0
296 1
296 5
296 6
297 0
297 6
299 0
299 1
299 2
299 3
299 4
299 5
299 6
3 0
300 0
300 1
300 2
300 3
300 4
300 5
300 6
30 1
301 0
301 3
301 6
30 2
302 0
302 3
302 6
30 3
303 0
303 3
303 6
30 4
304 0
304 3
304 6
30 5
305 0
305 6
306 0
306 6
308 0
308 1
308 2
308 3
308 4
308 5
308 6
309 0
309 1
309 2
309 3
309 4
309 5
309 6
31 0
310 0
310 3
31 1
311 0
311 3
31 2
312 0
312 3
31 3
313 0
313 3
313 4
31 4
314 0
314 3
314 4
314 5
31 5
315 0
315 1
315 2
315 3
315 5
315 6
31 6
316 1
316 2
316 6
318 0
318 6
319 0
319 6
32 0
320 0
320 6
321 0
321 1
321 2
321 3
321 4
321 5
321 6
322 1
322 2
322 3
322 4
322 5
323 3
32 6
3 3
33 0
33 6
34 0
34 6
3 6
36 0
36 1
36 2
36 3
36 4
36 5
36 6
37 0
37 1
37 2
37 3
37 4
37 5
37 6
38 0
38 3
38 6
39 0
39 3
39 6
4 0
40 0
40 3
40 6
41 0
41 3
41 6
42 0
42 6
4 3
43 0
43 6
45 0
4 6
46 0
47 0
48 0
48 1
48 2
48 3
48 4
48 5
48 6
49 0
49 1
49 2
49 3
49 4
49 5
49 6
5 0
50 0
51 0
52 0
5 3
54 6
55 6
5 6
56 6
57 6
58 6
59 6
6 0
60 6
62 0
62 1
62 2
62 3
62 4
62 5
62 6
63 0
63 1
63 2
63 3
63 4
63 5
63 6
64 0
64 3
64 6
65 0
65 3
65 6
6 6
66 0
66 3
66 6
67 0
67 3
67 6
68 0
68 3
68 6
69 0
69 1
69 2
69 3
69 4
69 5
69 6
7 0
70 1
70 2
70 4
70 5
72 0
72 6
73 0
73 1
73 2
73 3
73 4
73 5
73 6
74 0
74 1
74 2
74 3
74 4
74 5
74 6
75 0
75 6
7 6
77 0
77 1
77 2
77 3
77 4
77 5
77 6
78 0
78 1
78 2
78 3
78 4
78 5
78 6
79 6
80 6
81 6
82 6
83 6
84 6
86 0
86 1
86 2
86 3
86 4
86 5
86 6
87 0
87 1
87 2
87 3
87 4
87 5
87 6
88 0
88 6
89 0
89 6
90 0
90 6
9 1
91 0
91 6
9 2
92 0
92 6
9 3
93 0
93 1
93 2
93 3
93 4
93 5
93 6
9 4
94 1
94 2
94 3
94 4
94 5
9 5
96 0
96 1
96 2
96 3
96 4
96 5
96 6
97 0
97 1
97 2
97 3
97 4
97 5
97 6
98 0
98 3
98 6
99 0
99 3
99 6
